11/09/20 18:29

markov_chains.py has not been modified yet

-------------------------------------------------------------------------------

11/13/20 16:59

Problem 1 (5 points):
Score += 5

Problem 2 (5 points):
Score += 5

Problem 3 (10 points):
MarkovChain.walk() failed: incorrect length
	Correct response: 5
	Student response: 6
MarkovChain.walk() failed: incorrect length
	Correct response: 5
	Student response: 6
MarkovChain.walk() failed: incorrect length
	Correct response: 5
	Student response: 6
MarkovChain.walk() failed: incorrect length
	Correct response: 5
	Student response: 6
Score += 6

Problem 4 (10 points):
Ax != x
	Correct response: [0.01  0.01  0.011 0.01  0.01  0.01  0.01  0.009 0.009 0.01  0.009 0.01
 0.009 0.009 0.01  0.01  0.01  0.01  0.011 0.011 0.01  0.01  0.01  0.011
 0.01  0.01  0.01  0.01  0.011 0.011 0.01  0.01  0.01  0.009 0.01  0.01
 0.01  0.009 0.01  0.009 0.01  0.01  0.01  0.011 0.01  0.01  0.01  0.01
 0.01  0.011 0.01  0.009 0.01  0.01  0.011 0.011 0.01  0.01  0.01  0.01
 0.009 0.01  0.011 0.01  0.01  0.01  0.01  0.011 0.011 0.01  0.01  0.009
 0.011 0.01  0.01  0.01  0.009 0.011 0.009 0.01  0.009 0.01  0.011 0.01
 0.011 0.01  0.01  0.01  0.01  0.009 0.01  0.01  0.01  0.01  0.009 0.011
 0.011 0.011 0.01  0.011]
	Student response: [0.01  0.01  0.01  0.009 0.01  0.01  0.009 0.009 0.009 0.01  0.01  0.01
 0.01  0.01  0.01  0.01  0.009 0.01  0.011 0.011 0.01  0.011 0.01  0.01
 0.011 0.01  0.01  0.009 0.011 0.011 0.01  0.011 0.009 0.01  0.01  0.01
 0.01  0.009 0.01  0.009 0.01  0.01  0.011 0.012 0.01  0.009 0.01  0.01
 0.01  0.011 0.009 0.009 0.01  0.01  0.011 0.01  0.01  0.009 0.011 0.009
 0.01  0.01  0.011 0.01  0.01  0.01  0.01  0.011 0.01  0.01  0.009 0.01
 0.011 0.01  0.009 0.011 0.009 0.011 0.008 0.01  0.01  0.009 0.011 0.01
 0.01  0.01  0.01  0.01  0.01  0.009 0.01  0.009 0.01  0.01  0.009 0.011
 0.011 0.011 0.009 0.011]
Ax != x
	Correct response: [0.021 0.02  0.02  0.022 0.019 0.023 0.018 0.022 0.018 0.02  0.022 0.02
 0.015 0.021 0.021 0.021 0.017 0.02  0.021 0.019 0.018 0.023 0.019 0.02
 0.018 0.018 0.019 0.019 0.02  0.022 0.021 0.022 0.02  0.02  0.02  0.02
 0.017 0.02  0.019 0.022 0.018 0.021 0.022 0.02  0.023 0.019 0.02  0.019
 0.022 0.021]
	Student response: [0.023 0.019 0.019 0.022 0.019 0.022 0.018 0.02  0.02  0.019 0.019 0.02
 0.016 0.021 0.019 0.021 0.018 0.02  0.02  0.018 0.018 0.024 0.02  0.019
 0.018 0.018 0.018 0.02  0.018 0.022 0.022 0.02  0.02  0.02  0.022 0.021
 0.016 0.023 0.019 0.021 0.022 0.022 0.018 0.02  0.024 0.02  0.021 0.018
 0.019 0.021]
Ax != x
	Correct response: [0.05  0.036 0.034 0.041 0.061 0.048 0.06  0.045 0.048 0.052 0.046 0.04
 0.059 0.065 0.051 0.046 0.067 0.048 0.057 0.046]
	Student response: [0.045 0.034 0.029 0.039 0.066 0.056 0.063 0.039 0.045 0.05  0.046 0.041
 0.06  0.056 0.056 0.053 0.067 0.041 0.06  0.052]
MarkovChain.steady_state() failed to raise a ValueError (no Exception raised)
Score += 0

Problems 5-6 (15 points):
Score += 15

Code Quality (5 points):
Score += 5

Total score: 36/50 = 72.0%

-------------------------------------------------------------------------------

